1.000000000000000000e+00
9.944180291282214146e-01
9.803406396746915386e-01
9.623797755148137956e-01
9.436961971008025474e-01
9.255011443354019818e-01
9.079368109349663651e-01
8.908561664034597705e-01
8.741504301909325259e-01
8.577850676039741051e-01
8.417471553887834190e-01
8.260242574600715759e-01
8.106022723238963668e-01
7.954642758345560338e-01
7.805764326761071015e-01
7.659049238817147165e-01
7.514224815801264779e-01
7.371172693711376400e-01
7.230051549777392061e-01
7.091085066073364862e-01
6.954535849852964136e-01
6.820868298309006317e-01
6.690403991249850302e-01
6.562930146898345862e-01
6.437843426871066033e-01
6.314658521426053106e-01
6.193267793024975765e-01
6.074014509117123817e-01
5.957438212800246768e-01
5.843822972206732524e-01
5.732831083764454716e-01
5.623655391416521043e-01
5.515730060039789606e-01
