2.550000000000000044e-01 0.000000000000000000e+00
2.650000000000000133e-01 0.000000000000000000e+00
2.750000000000000222e-01 0.000000000000000000e+00
2.850000000000000311e-01 0.000000000000000000e+00
2.950000000000000400e-01 0.000000000000000000e+00
3.050000000000000488e-01 0.000000000000000000e+00
3.150000000000000577e-01 0.000000000000000000e+00
3.250000000000000666e-01 0.000000000000000000e+00
3.350000000000000755e-01 0.000000000000000000e+00
3.450000000000000844e-01 0.000000000000000000e+00
3.550000000000000933e-01 0.000000000000000000e+00
3.650000000000001021e-01 0.000000000000000000e+00
3.750000000000001110e-01 0.000000000000000000e+00
3.850000000000001199e-01 0.000000000000000000e+00
3.950000000000001288e-01 0.000000000000000000e+00
4.050000000000001377e-01 0.000000000000000000e+00
4.150000000000001465e-01 0.000000000000000000e+00
4.250000000000001554e-01 0.000000000000000000e+00
4.350000000000001643e-01 0.000000000000000000e+00
4.450000000000001732e-01 0.000000000000000000e+00
4.550000000000001821e-01 0.000000000000000000e+00
4.650000000000001910e-01 0.000000000000000000e+00
4.750000000000001998e-01 0.000000000000000000e+00
4.850000000000002087e-01 0.000000000000000000e+00
4.950000000000002176e-01 0.000000000000000000e+00
5.050000000000002265e-01 0.000000000000000000e+00
5.150000000000002354e-01 0.000000000000000000e+00
5.250000000000002442e-01 0.000000000000000000e+00
5.350000000000002531e-01 0.000000000000000000e+00
5.450000000000002620e-01 0.000000000000000000e+00
5.550000000000002709e-01 0.000000000000000000e+00
5.650000000000002798e-01 0.000000000000000000e+00
5.750000000000002887e-01 0.000000000000000000e+00
5.850000000000002975e-01 0.000000000000000000e+00
5.950000000000003064e-01 0.000000000000000000e+00
6.050000000000003153e-01 0.000000000000000000e+00
6.150000000000003242e-01 0.000000000000000000e+00
6.250000000000003331e-01 0.000000000000000000e+00
6.350000000000003419e-01 0.000000000000000000e+00
6.450000000000003508e-01 0.000000000000000000e+00
6.550000000000003597e-01 0.000000000000000000e+00
6.650000000000003686e-01 0.000000000000000000e+00
6.750000000000003775e-01 0.000000000000000000e+00
6.850000000000003864e-01 0.000000000000000000e+00
6.950000000000003952e-01 0.000000000000000000e+00
7.050000000000004041e-01 0.000000000000000000e+00
7.150000000000004130e-01 0.000000000000000000e+00
7.250000000000004219e-01 0.000000000000000000e+00
7.350000000000004308e-01 0.000000000000000000e+00
7.450000000000004396e-01 0.000000000000000000e+00
7.550000000000004485e-01 0.000000000000000000e+00
7.650000000000004574e-01 0.000000000000000000e+00
7.750000000000004663e-01 0.000000000000000000e+00
7.850000000000004752e-01 0.000000000000000000e+00
7.950000000000004841e-01 0.000000000000000000e+00
8.050000000000004929e-01 0.000000000000000000e+00
8.150000000000005018e-01 0.000000000000000000e+00
8.250000000000005107e-01 0.000000000000000000e+00
8.350000000000005196e-01 0.000000000000000000e+00
8.450000000000005285e-01 0.000000000000000000e+00
8.550000000000005373e-01 0.000000000000000000e+00
8.650000000000005462e-01 0.000000000000000000e+00
8.750000000000005551e-01 0.000000000000000000e+00
8.850000000000005640e-01 0.000000000000000000e+00
8.950000000000005729e-01 0.000000000000000000e+00
9.050000000000005818e-01 9.209500994905471180e-04
9.150000000000005906e-01 1.576627923936729792e-03
9.250000000000005995e-01 8.925756050397160371e-03
9.350000000000006084e-01 2.825671160626703690e-02
9.450000000000006173e-01 7.168854962217413584e-02
9.550000000000006262e-01 1.527957983726493107e-01
9.650000000000006350e-01 2.811674589802710122e-01
9.750000000000006439e-01 4.770673855278071973e-01
9.850000000000006528e-01 7.342829557471718394e-01
9.950000000000006617e-01 1.063587629804946699e+00
1.005000000000000782e+00 1.376438334834715338e+00
1.015000000000000568e+00 1.740237094228173520e+00
1.025000000000000799e+00 2.073851554018606436e+00
1.035000000000000586e+00 2.365000722366056074e+00
1.045000000000000817e+00 2.619899451944395441e+00
1.055000000000000604e+00 2.821721525405538333e+00
1.065000000000000835e+00 2.946707442557199297e+00
1.075000000000000622e+00 2.993636145807529569e+00
1.085000000000000853e+00 3.037861580299511921e+00
1.095000000000000639e+00 2.987347374778204667e+00
1.105000000000000870e+00 2.938233080941508479e+00
1.115000000000000657e+00 2.881139834789598453e+00
1.125000000000000888e+00 2.766675962150018098e+00
1.135000000000000675e+00 2.641142913375853052e+00
1.145000000000000906e+00 2.507687689765032868e+00
1.155000000000000693e+00 2.394058013212383429e+00
1.165000000000000924e+00 2.242192413910450544e+00
1.175000000000000711e+00 2.136307899853691072e+00
1.185000000000000941e+00 2.000695301896239897e+00
1.195000000000000728e+00 1.865078213458360779e+00
1.205000000000000959e+00 1.788732558512940551e+00
1.215000000000000746e+00 1.660603809411158149e+00
1.225000000000000977e+00 1.581704419401284811e+00
1.235000000000000764e+00 1.475583602054542531e+00
1.245000000000000995e+00 1.364868451497374124e+00
1.255000000000000782e+00 1.332129690110101849e+00
1.265000000000001013e+00 1.254352612485574614e+00
1.275000000000000799e+00 1.182264105300405488e+00
1.285000000000001030e+00 1.115742051497197851e+00
1.295000000000000817e+00 1.057591320317586403e+00
1.305000000000001048e+00 1.015590389760957279e+00
1.315000000000000835e+00 9.486770160688625664e-01
1.325000000000001066e+00 9.274835356885364757e-01
1.335000000000000853e+00 8.711064679012019418e-01
1.345000000000001084e+00 8.352687982545359269e-01
1.355000000000000870e+00 8.117393157092717138e-01
1.365000000000001101e+00 7.784840437283171433e-01
1.375000000000000888e+00 7.641099180054037321e-01
1.385000000000001119e+00 7.318818102601560849e-01
1.395000000000000906e+00 7.163392423613785809e-01
1.405000000000001137e+00 6.903689619946722367e-01
1.415000000000000924e+00 6.676957388005867466e-01
1.425000000000001155e+00 6.534357118909069895e-01
1.435000000000000941e+00 6.458255465992229771e-01
1.445000000000001172e+00 6.300541204524694461e-01
1.455000000000000959e+00 6.190183853383631751e-01
1.465000000000001190e+00 6.062912626192545895e-01
1.475000000000000977e+00 5.994417196943810922e-01
1.485000000000001208e+00 5.965263173383226203e-01
1.495000000000000995e+00 5.962927068293523147e-01
1.505000000000001226e+00 5.814848565738877095e-01
1.515000000000001013e+00 5.832820425631627392e-01
1.525000000000001243e+00 5.802793515675940261e-01
1.535000000000001030e+00 5.723031910434616121e-01
1.545000000000001261e+00 5.692241586415200949e-01
1.555000000000001048e+00 5.786154698217302883e-01
1.565000000000001279e+00 5.753252664941606032e-01
1.575000000000001066e+00 5.746183029137272857e-01
1.585000000000001297e+00 5.801509645143969607e-01
1.595000000000001084e+00 5.942466898359091143e-01
1.605000000000001315e+00 5.988700570081162411e-01
1.615000000000001101e+00 5.944047964484501234e-01
1.625000000000001332e+00 6.078566871037369701e-01
1.635000000000001119e+00 6.140230107575437302e-01
1.645000000000001350e+00 6.279042664928715656e-01
1.655000000000001137e+00 6.448140931796432218e-01
1.665000000000001368e+00 6.470230394184750544e-01
1.675000000000001155e+00 6.668773927575611937e-01
1.685000000000001386e+00 6.725676387257931710e-01
1.695000000000001172e+00 6.941910241717467178e-01
1.705000000000001403e+00 7.108513382694764404e-01
1.715000000000001190e+00 7.275899100042164669e-01
1.725000000000001421e+00 7.438936889207100611e-01
1.735000000000001208e+00 7.653496222595095322e-01
1.745000000000001439e+00 7.830769985878401895e-01
1.755000000000001226e+00 8.122904824863117490e-01
1.765000000000001457e+00 8.228759498404301098e-01
1.775000000000001243e+00 8.455314512578508968e-01
1.785000000000001474e+00 8.746422739090655707e-01
1.795000000000001261e+00 9.046046465045622931e-01
1.805000000000001492e+00 9.198444277149507853e-01
1.815000000000001279e+00 9.379858312066066128e-01
1.825000000000001510e+00 9.711320534741202382e-01
1.835000000000001297e+00 9.918815602334037917e-01
1.845000000000001528e+00 1.011876090530933192e+00
1.855000000000001315e+00 1.030232163026848724e+00
1.865000000000001545e+00 1.068224047529882093e+00
1.875000000000001332e+00 1.078932184704796349e+00
1.885000000000001563e+00 1.092776623273497005e+00
1.895000000000001350e+00 1.103670170196789257e+00
1.905000000000001581e+00 1.124407968269471203e+00
1.915000000000001368e+00 1.146196167030289148e+00
1.925000000000001599e+00 1.155818766361677019e+00
1.935000000000001386e+00 1.175455866147729234e+00
1.945000000000001616e+00 1.183911984014634822e+00
1.955000000000001403e+00 1.201779636280501995e+00
1.965000000000001634e+00 1.213826652154299302e+00
1.975000000000001421e+00 1.228880240148679803e+00
1.985000000000001652e+00 1.233663000753105532e+00
1.995000000000001661e+00 1.238454183129690689e+00
2.005000000000001670e+00 1.242009756855904534e+00
2.015000000000001457e+00 1.266983790595389125e+00
2.025000000000001243e+00 1.264641232113421943e+00
2.035000000000001918e+00 1.270502534583443532e+00
2.045000000000001705e+00 1.279322818224585045e+00
2.055000000000001492e+00 1.280744817126751478e+00
2.065000000000001279e+00 1.288425168330540549e+00
2.075000000000001954e+00 1.290511345182950187e+00
2.085000000000001741e+00 1.285037386171977492e+00
2.095000000000001528e+00 1.278191060700222703e+00
2.105000000000001315e+00 1.274906208069286784e+00
2.115000000000001990e+00 1.271394328651410666e+00
2.125000000000001776e+00 1.266722657175859634e+00
2.135000000000001563e+00 1.262806489186477643e+00
2.145000000000001350e+00 1.238702634628072063e+00
2.155000000000002025e+00 1.240145722607990386e+00
2.165000000000001812e+00 1.224994519466260368e+00
2.175000000000001599e+00 1.211782950948891546e+00
2.185000000000001386e+00 1.199887061273453792e+00
2.195000000000002061e+00 1.180485945541272397e+00
2.205000000000001847e+00 1.161580544594338349e+00
2.215000000000001634e+00 1.151000620410804753e+00
2.225000000000001421e+00 1.126984271769934098e+00
2.235000000000002096e+00 1.112712806375810493e+00
2.245000000000001883e+00 1.098257476774515240e+00
2.255000000000001670e+00 1.078970835065534706e+00
2.265000000000001457e+00 1.064483966530251235e+00
2.275000000000002132e+00 1.043687761622954957e+00
2.285000000000001918e+00 1.021065105254819416e+00
2.295000000000001705e+00 1.017180763237986785e+00
2.305000000000001492e+00 1.002446830879035966e+00
2.315000000000002167e+00 9.771619273705687281e-01
2.325000000000001954e+00 9.685475745451361806e-01
2.335000000000001741e+00 9.520206244051101496e-01
2.345000000000001528e+00 9.300130117922236206e-01
2.355000000000002203e+00 9.224036031648096268e-01
2.365000000000001990e+00 9.029713461379051953e-01
2.375000000000001776e+00 9.080537585416763591e-01
2.385000000000001563e+00 8.867967001032245333e-01
2.395000000000002238e+00 8.737851422194893303e-01
2.405000000000002025e+00 8.674793188073196548e-01
2.415000000000001812e+00 8.605364385417204609e-01
2.425000000000001599e+00 8.626089026645286095e-01
2.435000000000002274e+00 8.390003966947848779e-01
2.445000000000002061e+00 8.393908432049036472e-01
2.455000000000001847e+00 8.328012231439926305e-01
2.465000000000001634e+00 8.238234541672191380e-01
2.475000000000002309e+00 8.333106296000447610e-01
2.485000000000002096e+00 8.302512934549856061e-01
2.495000000000001883e+00 8.232003690880915769e-01
2.505000000000001670e+00 8.196010804754998436e-01
2.515000000000002345e+00 8.254984224541342952e-01
2.525000000000002132e+00 8.236015803064716811e-01
2.535000000000001918e+00 8.230000596071249674e-01
2.545000000000001705e+00 8.263566010613844215e-01
2.555000000000002380e+00 8.326541245019126736e-01
2.565000000000002167e+00 8.316200873408723382e-01
2.575000000000001954e+00 8.383978416997571737e-01
2.585000000000001741e+00 8.405167303754156327e-01
2.595000000000002416e+00 8.519730808742635997e-01
2.605000000000002203e+00 8.503908977709929706e-01
2.615000000000001990e+00 8.642092367074881709e-01
2.625000000000001776e+00 8.683649855238005921e-01
2.635000000000002451e+00 8.758413465543393173e-01
2.645000000000002238e+00 8.845816492565012901e-01
2.655000000000002025e+00 8.933395542292960068e-01
2.665000000000001812e+00 9.011846385402738635e-01
2.675000000000002487e+00 9.078730743036839135e-01
2.685000000000002274e+00 9.155094920435744577e-01
2.695000000000002061e+00 9.249160798342039858e-01
2.705000000000001847e+00 9.388105889680085081e-01
2.715000000000002522e+00 9.407334527560409221e-01
2.725000000000002309e+00 9.676547920442527539e-01
2.735000000000002096e+00 9.749988229677319929e-01
2.745000000000001883e+00 9.775304744447145255e-01
2.755000000000002558e+00 9.874283134134783646e-01
2.765000000000002345e+00 9.981072668636430389e-01
2.775000000000002132e+00 1.004848031565330091e+00
2.785000000000001918e+00 1.020680796095536857e+00
2.795000000000002593e+00 1.027632073907483123e+00
2.805000000000002380e+00 1.034470440000275104e+00
2.815000000000002167e+00 1.039258322862176787e+00
2.825000000000001954e+00 1.045701134039224156e+00
2.835000000000002629e+00 1.063394838760406413e+00
2.845000000000002416e+00 1.072566993880639918e+00
2.855000000000002203e+00 1.070537927023485825e+00
2.865000000000001990e+00 1.081410650604619272e+00
2.875000000000002665e+00 1.083174778094643020e+00
2.885000000000002451e+00 1.088150985215982525e+00
2.895000000000002238e+00 1.093280205663013538e+00
2.905000000000002025e+00 1.099553293821286859e+00
2.915000000000002700e+00 1.101154222162752383e+00
2.925000000000002487e+00 1.102663509888834659e+00
2.935000000000002274e+00 1.106884934362202255e+00
2.945000000000002061e+00 1.102620270108230383e+00
2.955000000000002736e+00 1.099446061100743943e+00
2.965000000000002522e+00 1.108151383560069370e+00
2.975000000000002309e+00 1.109257887765717099e+00
2.985000000000002096e+00 1.107573453550637410e+00
2.995000000000002771e+00 1.102207814559328369e+00
3.005000000000002558e+00 1.106453262238389135e+00
3.015000000000002345e+00 1.102579740783613094e+00
3.025000000000002132e+00 1.100793927445711917e+00
3.035000000000002807e+00 1.101259589746113265e+00
3.045000000000002593e+00 1.095329687867393709e+00
3.055000000000002380e+00 1.093282513943198975e+00
3.065000000000002167e+00 1.084604505526869822e+00
3.075000000000002842e+00 1.080283841973022074e+00
3.085000000000002629e+00 1.081355939652242082e+00
3.095000000000002416e+00 1.077214248333647539e+00
3.105000000000002203e+00 1.066893304722100311e+00
3.115000000000002878e+00 1.067118511494002053e+00
3.125000000000002665e+00 1.062597749662919533e+00
3.135000000000002451e+00 1.054381031759228149e+00
3.145000000000002238e+00 1.049898107555464533e+00
3.155000000000002913e+00 1.046956815996744394e+00
3.165000000000002700e+00 1.042083311900343423e+00
3.175000000000002487e+00 1.035510644093560639e+00
3.185000000000002274e+00 1.029696937975528748e+00
3.195000000000002949e+00 1.027565544043379964e+00
3.205000000000002736e+00 1.020199501386147345e+00
3.215000000000002522e+00 1.016708912265122278e+00
3.225000000000002309e+00 1.010096231539179046e+00
3.235000000000002984e+00 1.006068407237351137e+00
3.245000000000002771e+00 9.999040986903021677e-01
3.255000000000002558e+00 9.982548759284380901e-01
3.265000000000002345e+00 9.880100612943928384e-01
3.275000000000003020e+00 9.862315490783370997e-01
3.285000000000002807e+00 9.754918921398870735e-01
3.295000000000002593e+00 9.786549672486786200e-01
3.305000000000002380e+00 9.657498549455066916e-01
3.315000000000003055e+00 9.629264741640416458e-01
3.325000000000002842e+00 9.608018035389388478e-01
3.335000000000002629e+00 9.549976529872351572e-01
3.345000000000002416e+00 9.497090974548240139e-01
3.355000000000003091e+00 9.532450985558034162e-01
3.365000000000002878e+00 9.543991825388782324e-01
3.375000000000002665e+00 9.442406226021055060e-01
3.385000000000002451e+00 9.381185762972598097e-01
3.395000000000003126e+00 9.395780208885118334e-01
3.405000000000002913e+00 9.352952918045245312e-01
3.415000000000002700e+00 9.358084506212089870e-01
3.425000000000002487e+00 9.335186703177231760e-01
3.435000000000003162e+00 9.313275526370911050e-01
3.445000000000002949e+00 9.321729784652180717e-01
3.455000000000002736e+00 9.352520322514685791e-01
3.465000000000002522e+00 9.340472457923013616e-01
3.475000000000003197e+00 9.305765081096365465e-01
3.485000000000002984e+00 9.314542811194538308e-01
3.495000000000002771e+00 9.307707332113710486e-01
3.505000000000002558e+00 9.313231408145656864e-01
3.515000000000003233e+00 9.338307028078084437e-01
3.525000000000003020e+00 9.361886277758277863e-01
3.535000000000002807e+00 9.367695765613711645e-01
3.545000000000002593e+00 9.395573686008024117e-01
3.555000000000003268e+00 9.429182344749142963e-01
3.565000000000003055e+00 9.441345823194603470e-01
3.575000000000002842e+00 9.455734112675253655e-01
3.585000000000002629e+00 9.496665529608353529e-01
3.595000000000003304e+00 9.549762791303563203e-01
3.605000000000003091e+00 9.617506152792418828e-01
3.615000000000002878e+00 9.614442358066473959e-01
3.625000000000002665e+00 9.700955405108584451e-01
3.635000000000003340e+00 9.668632641506679226e-01
3.645000000000003126e+00 9.696555582604895474e-01
3.655000000000002913e+00 9.771951432300017837e-01
3.665000000000002700e+00 9.780118098262567949e-01
3.675000000000003375e+00 9.857724088928425665e-01
3.685000000000003162e+00 9.856231483524072745e-01
3.695000000000002949e+00 9.931196733937477372e-01
3.705000000000002736e+00 9.911521829653209270e-01
3.715000000000003411e+00 1.001187949477029271e+00
3.725000000000003197e+00 1.006780133992697168e+00
3.735000000000002984e+00 1.008803883059459894e+00
3.745000000000002771e+00 1.013937912623944504e+00
3.755000000000003446e+00 1.014609694910547866e+00
3.765000000000003233e+00 1.017361907511539654e+00
3.775000000000003020e+00 1.024377951516064478e+00
3.785000000000002807e+00 1.028370458245262187e+00
3.795000000000003482e+00 1.033609510834794465e+00
3.805000000000003268e+00 1.032885672472898753e+00
3.815000000000003055e+00 1.034474426978438721e+00
3.825000000000002842e+00 1.039712239264926730e+00
3.835000000000003517e+00 1.041227229888676220e+00
3.845000000000003304e+00 1.044670326881995015e+00
3.855000000000003091e+00 1.041820724952289279e+00
3.865000000000002878e+00 1.043051344151314952e+00
3.875000000000003553e+00 1.044745177384647672e+00
3.885000000000003340e+00 1.045239599320026747e+00
3.895000000000003126e+00 1.044608929300360867e+00
3.905000000000002913e+00 1.050351948256571299e+00
3.915000000000003588e+00 1.052128808918767033e+00
3.925000000000003375e+00 1.044956765482760952e+00
3.935000000000003162e+00 1.040961599036117402e+00
3.945000000000002949e+00 1.047183584345288798e+00
3.955000000000003624e+00 1.044227524858942990e+00
3.965000000000003411e+00 1.047291297972930524e+00
3.975000000000003197e+00 1.043944021402005928e+00
3.985000000000002984e+00 1.042944542879656433e+00
3.995000000000003659e+00 1.041876993122748951e+00
