0.000000000000000000e+00 0.000000000000000000e+00
2.155999999999999517e+01 4.202044742506463315e+00
4.311999999999999034e+01 8.190248850990274221e+00
6.467999999999997840e+01 1.220167111164634832e+01
8.623999999999998067e+01 1.616686756036853012e+01
1.077999999999999829e+02 2.003290098513053152e+01
1.293599999999999568e+02 2.389155447467248194e+01
1.509199999999999591e+02 2.763370418976852250e+01
1.724799999999999613e+02 3.148975348826292020e+01
1.940399999999999636e+02 3.542728635313054752e+01
2.155999999999999659e+02 3.913627953421693206e+01
2.371599999999999397e+02 4.340809765616281624e+01
2.587199999999999136e+02 4.782813834219663107e+01
2.802799999999999159e+02 5.203581141173427937e+01
3.018399999999999181e+02 5.588476034539687021e+01
3.233999999999999204e+02 5.936454232986150714e+01
3.449599999999999227e+02 6.387181312930346166e+01
3.665199999999999250e+02 6.826765059587673079e+01
3.880799999999999272e+02 7.168511722262361729e+01
4.096399999999999295e+02 7.585913773017601613e+01
4.311999999999999318e+02 7.944116261489669739e+01
4.527599999999998772e+02 8.272034166926800935e+01
4.743199999999998795e+02 8.592791317158291520e+01
4.958799999999998818e+02 9.041361625506505106e+01
5.174399999999998272e+02 9.525175667299620841e+01
5.389999999999998863e+02 9.928992475282247199e+01
5.605599999999998317e+02 1.028846536023640965e+02
5.821199999999998909e+02 1.067305812967480136e+02
6.036799999999998363e+02 1.104073273971281566e+02
6.252399999999998954e+02 1.145892794170380711e+02
6.467999999999998408e+02 1.189541777786813839e+02
6.683599999999999000e+02 1.229980111444173332e+02
6.899199999999998454e+02 1.280915419347136606e+02
7.114799999999997908e+02 1.315488920055869926e+02
7.330399999999998499e+02 1.357451455660385022e+02
7.545999999999997954e+02 1.399895312719635001e+02
7.761599999999998545e+02 1.434666470334148016e+02
7.977199999999997999e+02 1.461682390638348181e+02
8.192799999999998590e+02 1.491970484023029826e+02
8.408399999999998045e+02 1.522098134342566595e+02
8.623999999999998636e+02 1.561938434387739676e+02
8.839599999999998090e+02 1.603963815101328123e+02
9.055199999999997544e+02 1.642730088148616403e+02
9.270799999999998136e+02 1.681344555700792398e+02
9.486399999999997590e+02 1.725190231325184698e+02
9.701999999999998181e+02 1.757566144872392897e+02
9.917599999999997635e+02 1.797785440425261072e+02
1.013319999999999823e+03 1.836450735771271923e+02
1.034879999999999654e+03 1.875474066730744482e+02
1.056439999999999827e+03 1.909231732199172882e+02
